0,0,0,0,0,0,0,0,0,0,0,0,0,0,0,0,0,0,0,0,0,0,0,0,0,0,0,0,0,0,0,0,0,0,0,0,0,0,0,0,0,0,0,0,0,0,0,0,0,0,0,0,0,0,0,0,0,0,0,0,0,0,0,0,0,0,0,0,0,0,0,0,0,0,0,0,0,0,0,0,0,0,0,0,0,0,0,0,0,0,0,0,0,0,0,0,0,0,0,0,0,0,0,0,0,0,0,0,0,0,0,0,0,0,0,0,0,0,0,0,0,0,0,0,0,0,0,0,0,0,0,0,0,0,0,0,0,0,0,0,0,0,0,0,0,0,0,0,0,0,0,0,0,0,0,0,0,0,0,0,0,0,0,0,0,0,0,0,0,0,0,0,0,0,0,0,0,0,0,0,0,0,0,0,0,0,0,0,0,0,0,0,0,0,0,0,0,0,0,0,0,0,0,0,0,0,0,0,0,0,0,0,0,0,0,0,0,0,0,0,0,0,0,0,0,0,0,0,0,0,0,0,0,0,0,0,0,0,0,0,0,0,0,0,0,0,0,0,0,0,0,0,0,0,0,0
0,0,0,0,0,0,0,0,0,0,0,0,0,0,0,0,0,0,0,0,0,0,0,0,0,0,0,0,0,0,0,0,0,0,0,0,0,0,0,0,0,0,0,0,0,0,0,0,0,0,0,0,0,0,0,0,0,0,0,0,0,0,0,0,0,0,0,0,0,0,0,0,0,0,0,0,0,0,0,0,0,0,0,0,0,0,0,0,0,0,0,0,0,0,0,0,0,0,0,0,0,0,0,0,0,0,0,0,0,0,0,0,0,0,0,0,0,0,0,0,0,0,0,0,0,0,0,0,0,0,0,0,0,0,0,0,0,0,0,0,0,0,0,0,0,0,0,0,0,0,0,0,0,0,0,0,0,0,0,0,0,0,0,0,0,0,0,0,0,0,0,0,0,0,0,0,0,0,0,0,0,0,0,0,0,0,0,0,0,0,0,0,0,0,0,0,0,0,0,0,0,0,0,0,0,0,0,0,0,0,0,0,0,0,0,0,0,0,0,0,0,0,0,0,0,0,0,0,0,0,0,0,0,0,0,0,0,0,0,0,0,0,0,0,0,0,0,0,0,0,0,0,0,0,0,0
0,0,0,0,0,0,0,0,0,0,0,0,0,0,0,0,0,0,0,0,0,0,0,0,0,0,0,0,0,0,0,0,0,0,0,0,0,0,0,0,0,0,0,0,0,0,0,0,0,0,0,0,0,0,0,0,0,0,0,0,0,0,0,0,0,0,0,0,0,0,0,0,0,0,0,0,0,0,0,0,0,0,0,0,0,0,0,0,0,0,0,0,0,0,0,0,0,0,0,0,0,0,0,0,0,0,0,0,0,0,0,0,0,0,0,0,0,0,0,0,0,0,0,0,0,0,0,0,0,0,0,0,0,0,0,0,0,0,0,0,0,0,0,0,0,0,0,0,0,0,0,0,0,0,0,0,0,0,0,0,0,0,0,0,0,0,0,0,0,0,0,0,0,0,0,0,0,0,0,0,0,0,0,0,0,0,0,0,0,0,0,0,0,0,0,0,0,0,0,0,0,0,0,0,0,0,0,0,0,0,0,0,0,0,0,0,0,0,0,0,0,0,0,0,0,0,0,0,0,0,0,0,0,0,0,0,0,0,0,0,0,0,0,0,0,0,0,0,0,0,0,0,0,0,0,0
0,0,0,0,0,0,0,0,0,0,0,0,0,0,0,0,0,0,0,0,0,0,0,0,0,0,0,0,0,0,0,0,0,0,0,0,0,0,0,0,0,0,0,0,0,0,0,0,0,0,0,0,0,0,0,0,0,0,0,0,0,0,0,0,0,0,0,0,0,0,0,0,0,0,0,0,0,0,0,0,0,0,0,0,0,0,0,0,0,0,0,0,0,0,0,0,0,0,0,0,0,0,0,0,0,0,0,0,0,0,0,0,0,0,0,0,0,0,0,0,0,0,0,0,0,0,0,0,0,0,0,0,0,0,0,0,0,0,0,0,0,0,0,0,0,0,0,0,0,0,0,0,0,0,0,0,0,0,0,0,0,0,0,0,0,0,0,0,0,0,0,0,0,0,0,0,0,0,0,0,0,0,0,0,0,0,0,0,0,0,0,0,0,0,0,0,0,0,0,0,0,0,0,0,0,0,0,0,0,0,0,0,0,0,0,0,0,0,0,0,0,0,0,0,0,0,0,0,0,0,0,0,0,0,0,0,0,0,0,0,0,0,0,0,0,0,0,0,0,0,0,0,0,0,0,0
0,0,0,0,0,0,0,0,0,0,0,0,0,0,0,0,0,0,0,0,0,0,0,0,0,0,0,0,0,0,0,0,0,0,0,0,0,0,0,0,0,0,0,0,0,0,0,0,0,0,0,0,0,0,0,0,0,0,0,0,0,0,0,0,0,0,0,0,0,0,0,0,0,0,0,0,0,0,0,0,0,0,0,0,0,0,0,0,0,0,0,0,0,0,0,0,0,0,0,0,0,0,0,0,0,0,0,0,0,0,0,0,0,0,0,0,0,0,0,0,0,0,0,0,0,0,0,0,0,0,0,0,0,0,0,0,0,0,0,0,0,0,0,0,0,0,0,0,0,0,0,0,0,0,0,0,0,0,0,0,0,0,0,0,0,0,0,0,0,0,0,0,0,0,0,0,0,0,0,0,0,0,0,0,0,0,0,0,0,0,0,0,0,0,0,0,0,0,0,0,0,0,0,0,0,0,0,0,0,0,0,0,0,0,0,0,0,0,0,0,0,0,0,0,0,0,0,0,0,0,0,0,0,0,0,0,0,0,0,0,0,0,0,0,0,0,0,0,0,0,0,0,0,0,0,0
0,0,0,0,0,0,0,0,0,0,0,0,0,0,0,0,0,0,0,0,0,0,0,0,0,0,0,0,0,0,0,0,0,0,0,0,0,0,0,0,0,0,0,0,0,0,0,0,0,0,0,0,0,0,0,0,0,0,0,0,0,0,0,0,0,0,0,0,0,0,0,0,0,0,0,0,0,0,0,0,0,0,0,0,0,0,0,0,0,0,0,0,0,0,0,0,0,0,0,0,0,0,0,0,0,0,0,0,0,0,0,0,0,0,0,0,0,0,0,0,0,0,0,0,0,0,0,0,0,0,0,0,0,0,0,0,0,0,0,0,0,0,0,0,0,0,0,0,0,0,0,0,0,0,0,0,0,0,0,0,0,0,0,0,0,0,0,0,0,0,0,0,0,0,0,0,0,0,0,0,0,0,0,0,0,0,0,0,0,0,0,0,0,0,0,0,0,0,0,0,0,0,0,0,0,0,0,0,0,0,0,0,0,0,0,0,0,0,0,0,0,0,0,0,0,0,0,0,0,0,0,0,0,0,0,0,0,0,0,0,0,0,0,0,0,0,0,0,0,0,0,0,0,0,0,0
0,0,0,0,0,0,0,0,0,0,0,0,0,0,0,0,0,0,0,0,0,0,0,0,0,0,0,0,0,0,0,0,0,0,0,0,0,0,0,0,0,0,0,0,0,0,0,0,0,0,0,0,0,0,0,0,0,0,0,0,0,0,0,0,0,0,0,0,0,0,0,0,0,0,0,0,0,0,0,0,0,0,0,0,0,0,0,0,0,0,0,0,0,0,0,0,0,0,0,0,0,0,0,0,0,0,0,0,0,0,0,0,0,0,0,0,0,0,0,0,0,0,0,0,0,0,0,0,0,0,0,0,0,0,0,0,0,0,0,0,0,0,0,0,0,0,0,0,0,0,0,0,0,0,0,0,0,0,0,0,0,0,0,0,0,0,0,0,0,0,0,0,0,0,0,0,0,0,0,0,0,0,0,0,0,0,0,0,0,0,0,0,0,0,0,0,0,0,0,0,0,0,0,0,0,0,0,0,0,0,0,0,0,0,0,0,0,0,0,0,0,0,0,0,0,0,0,0,0,0,0,0,0,0,0,0,0,0,0,0,0,0,0,0,0,0,0,0,0,0,0,0,0,0,0,0
0,0,0,0,0,0,0,0,0,0,0,0,0,0,0,0,0,0,0,0,0,0,0,0,0,0,0,0,0,0,0,0,0,0,0,0,0,0,0,0,0,0,0,0,0,0,0,0,0,0,0,0,0,0,0,0,0,0,0,0,0,0,0,0,0,0,0,0,0,0,0,0,0,0,0,0,0,0,0,0,0,0,0,0,0,0,0,0,0,0,0,0,0,0,0,0,0,0,0,0,0,0,0,0,0,0,0,0,0,0,0,0,0,0,0,0,0,0,0,0,0,0,0,0,0,0,0,0,0,0,0,0,0,0,0,0,0,0,0,0,0,0,0,0,0,0,0,0,0,0,0,0,0,0,0,0,0,0,0,0,0,0,0,0,0,0,0,0,0,0,0,0,0,0,0,0,0,0,0,0,0,0,0,0,0,0,0,0,0,0,0,0,0,0,0,0,0,0,0,0,0,0,0,0,0,0,0,0,0,0,0,0,0,0,0,0,0,0,0,0,0,0,0,0,0,0,0,0,0,0,0,0,0,0,0,0,0,0,0,0,0,0,0,0,0,0,0,0,0,0,0,0,0,0,0,0
0,0,0,0,0,0,0,0,0,0,0,0,0,0,0,0,0,0,0,0,0,0,0,0,0,0,0,0,0,0,0,0,0,0,0,0,0,0,0,0,0,0,0,0,0,0,0,0,0,0,0,0,0,0,0,0,0,0,0,0,0,0,0,0,0,0,0,0,0,0,0,0,0,0,0,0,0,0,0,0,0,0,0,0,0,0,0,0,0,0,0,0,0,0,0,0,0,0,0,0,0,0,0,0,0,0,0,0,0,0,0,0,0,0,0,0,0,0,0,0,0,0,0,0,0,0,0,0,0,0,0,0,0,0,0,0,0,0,0,0,0,0,0,0,0,0,0,0,0,0,0,0,0,0,0,0,0,0,0,0,0,0,0,0,0,0,0,0,0,0,0,0,0,0,0,0,0,0,0,0,0,0,0,0,0,0,0,0,0,0,0,0,0,0,0,0,0,0,0,0,0,0,0,0,0,0,0,0,0,0,0,0,0,0,0,0,0,0,0,0,0,0,0,0,0,0,0,0,0,0,0,0,0,0,0,0,0,0,0,0,0,0,0,0,0,0,0,0,0,0,0,0,0,0,0,0
0,0,0,0,0,0,0,0,0,0,0,0,0,0,0,0,0,0,0,0,0,0,0,0,0,0,0,0,0,0,0,0,0,0,0,0,0,0,0,0,0,0,0,0,0,0,0,0,0,0,0,0,0,0,0,0,0,0,0,0,0,0,0,0,0,0,0,0,0,0,0,0,0,0,0,0,0,0,0,0,0,0,0,0,0,0,0,0,0,0,0,0,0,0,0,0,0,0,0,0,0,0,0,0,0,0,0,0,0,0,0,0,0,0,0,0,0,0,0,0,0,0,0,0,0,0,0,0,0,0,0,0,0,0,0,0,0,0,0,0,0,0,0,0,0,0,0,0,0,0,0,0,0,0,0,0,0,0,0,0,0,0,0,0,0,0,0,0,0,0,0,0,0,0,0,0,0,0,0,0,0,0,0,0,0,0,0,0,0,0,0,0,0,0,0,0,0,0,0,0,0,0,0,0,0,0,0,0,0,0,0,0,0,0,0,0,0,0,0,0,0,0,0,0,0,0,0,0,0,0,0,0,0,0,0,0,0,0,0,0,0,0,0,0,0,0,0,0,0,0,0,0,0,0,0,0
0,0,0,0,0,0,0,0,0,0,0,0,0,0,0,0,0,0,0,0,0,0,0,0,0,0,0,0,0,0,0,0,0,0,0,0,0,0,0,0,0,0,0,0,0,0,0,0,0,0,0,0,0,0,0,0,0,0,0,0,0,0,0,0,0,0,0,0,0,0,0,0,0,0,0,0,0,0,0,0,0,0,0,0,0,0,0,0,0,0,0,0,0,0,0,0,0,0,0,0,0,0,0,0,0,0,0,0,0,0,0,0,0,0,0,0,0,0,0,0,0,0,0,0,0,0,0,0,0,0,0,0,0,0,0,0,0,0,0,0,0,0,0,0,0,0,0,0,0,0,0,0,0,0,0,0,0,0,0,0,0,0,0,0,0,0,0,0,0,0,0,0,0,0,0,0,0,0,0,0,0,0,0,0,0,0,0,0,0,0,0,0,0,0,0,0,0,0,0,0,0,0,0,0,0,0,0,0,0,0,0,0,0,0,0,0,0,0,0,0,0,0,0,0,0,0,0,0,0,0,0,0,0,0,0,0,0,0,0,0,0,0,0,0,0,0,0,0,0,0,0,0,0,0,0,0
0,0,0,0,0,0,0,0,0,0,0,0,0,0,0,0,0,0,0,0,0,0,0,0,0,0,0,0,0,0,0,0,0,0,0,0,0,0,0,0,0,0,0,0,0,0,0,0,0,0,0,0,0,0,0,0,0,0,0,0,0,0,0,0,0,0,0,0,0,0,0,0,0,0,0,0,0,0,0,0,0,0,0,0,0,0,0,0,0,0,0,0,0,0,0,0,0,0,0,0,0,0,0,0,0,0,0,0,0,0,0,0,0,0,0,0,0,0,0,0,0,0,0,0,0,0,0,0,0,0,0,0,0,0,0,0,0,0,0,0.00052666,0.00079061,0.0011149,0.0014771,0.0018382,0.0021491,0.0023603,0.0024352,0.0023603,0.0021491,0.0018382,0.0014771,0.0011149,0.00079061,0.00052666,0,0,0,0,0,0.00052666,0.00079061,0.0016416,0.0022677,0.0029532,0.0036262,0.0041985,0.0045843,0.0047206,0.0045843,0.0041985,0.0041528,0.0037438,0.0033826,0.0031187,0.0026288,0.0026758,0.0023603,0.0024352,0.0023603,0.0021491,0.0018382,0.0014771,0.0011149,0.00079061,0.00052666,0,0,0,0,0,0,0,0,0,0,0,0,0,0,0,0,0,0,0,0,0,0,0,0,0,0,0,0,0,0,0,0,0,0,0,0,0,0,0,0,0,0,0,0,0,0,0,0,0,0,0,0,0,0,0,0,0,0,0,0,0,0,0,0,0,0,0,0,0,0,0
0,0,0,0,0,0,0,0,0.00052666,0.00079061,0.0011149,0.0014771,0.0018382,0.0021491,0.0023603,0.0024352,0.0023603,0.0021491,0.0018382,0.0014771,0.0011149,0.00079061,0.00052666,0,0,0,0,0,0,0,0,0,0,0,0,0,0,0,0,0,0,0,0,0,0,0,0,0,0,0,0,0,0,0,0,0,0,0,0,0,0,0,0,0,0,0,0,0,0,0,0,0,0,0,0,0,0,0,0,0,0,0,0,0,0,0,0,0,0,0,0,0,0,0,0,0,0,0,0,0,0,0,0,0,0,0,0,0,0,0,0,0,0,0,0,0,0,0,0,0,0,0,0,0,0,0,0,0,0,0,0,0,0,0,0,0,0,0,0,0.00079061,0.0011868,0.0022004,0.0030079,0.0038744,0.0047032,0.0053815,0.0058048,0.0064303,0.006452,0.0067614,0.0066341,0.0064651,0.0068167,0.0074214,0.0072805,0.0078393,0.0084263,0.0089765,0.0092505,0.010016,0.010088,0.010764,0.010542,0.011237,0.011186,0.011472,0.011514,0.010928,0.010146,0.0094537,0.009196,0.0079804,0.007227,0.0065199,0.0054234,0.0051317,0.0043339,0.0041824,0.0035433,0.0032262,0.0027595,0.0022173,0.0016737,0.0011868,0.00079061,0,0,0,0,0,0,0,0,0,0,0,0,0,0,0,0,0,0,0,0,0,0,0,0,0,0,0,0,0,0,0,0,0,0,0,0,0,0,0,0,0,0,0,0,0,0,0,0,0,0,0,0,0,0,0,0,0,0,0,0,0,0,0,0,0,0,0,0,0,0,0
0,0,0,0,0,0,0,0,0.00079061,0.0011868,0.0016737,0.0022173,0.0027595,0.0032262,0.0035433,0.0036557,0.0035433,0.0032262,0.0027595,0.0022173,0.0016737,0.0011868,0.00079061,0,0,0,0,0,0,0,0,0,0,0,0,0,0,0,0,0,0,0,0,0,0,0,0,0,0,0,0,0,0,0,0,0,0,0,0,0,0,0,0,0,0,0,0,0,0,0,0,0,0,0,0,0,0,0,0,0,0,0,0,0,0,0,0,0,0,0,0,0,0,0,0,0,0,0,0,0,0,0,0,0,0,0,0,0,0,0,0,0,0,0,0,0,0,0,0,0,0,0,0,0,0,0,0,0,0,0,0,0,0,0.00052666,0.00079061,0.0011149,0.0014771,0.0018382,0.0021491,0.0034753,0.004109,0.0055113,0.0064629,0.0074035,0.008244,0.0088712,0.0091722,0.0098573,0.0093922,0.0098991,0.0097573,0.009553,0.010125,0.011069,0.010929,0.011768,0.012649,0.013475,0.013887,0.014964,0.015036,0.015935,0.015516,0.016466,0.016298,0.016649,0.016659,0.015761,0.014605,0.013618,0.013238,0.011469,0.010387,0.0093617,0.0077826,0.0073383,0.0061837,0.005946,0.0049968,0.0045496,0.0038915,0.0031269,0.0023603,0.0016737,0.0011149,0,0,0,0,0,0,0,0,0,0,0,0,0,0,0,0,0,0,0,0,0,0,0,0,0,0,0,0,0,0,0,0,0,0,0,0,0,0,0,0,0,0,0,0,0,0,0,0,0,0,0,0,0,0,0,0,0,0,0,0,0,0,0,0,0,0,0,0,0,0,0
0,0,0,0,0,0,0,0,0.0011149,0.0016737,0.0023603,0.0031269,0.0038915,0.0045496,0.0049968,0.0051554,0.0049968,0.0045496,0.0038915,0.0031269,0.0023603,0.0016737,0.0011149,0,0,0,0,0,0,0,0,0,0,0,0,0,0,0,0,0,0,0,0,0,0,0,0,0,0,0,0,0,0,0,0,0,0,0,0,0,0,0,0,0,0,0,0,0,0,0,0,0,0,0,0,0,0,0,0,0,0,0,0,0,0,0,0,0,0,0,0,0,0,0,0,0,0,0,0,0,0,0,0,0,0,0,0,0,0,0,0,0,0,0,0,0,0,0,0,0,0,0,0,0,0,0,0,0,0,0.00052666,0.00079061,0.0011149,0.0014771,0.0026288,0.0033359,0.004034,0.0046526,0.0051198,0.0053753,0.0068585,0.0073501,0.0089001,0.009833,0.010802,0.011372,0.012185,0.012566,0.013522,0.012856,0.013627,0.013493,0.01327,0.014136,0.015514,0.015413,0.016596,0.017838,0.019003,0.019583,0.021008,0.021062,0.022175,0.021472,0.022686,0.022328,0.022719,0.022664,0.021373,0.019767,0.018446,0.017917,0.015496,0.014036,0.012638,0.0105,0.0098647,0.0082934,0.0079448,0.0066197,0.0060273,0.0051554,0.0041425,0.0031269,0.0022173,0.0014771,0,0,0,0,0,0,0,0,0,0,0,0,0,0,0,0,0,0,0,0,0,0,0,0,0,0,0,0,0,0,0,0,0,0,0,0,0,0,0,0,0,0,0,0,0,0,0,0,0,0,0,0,0,0,0,0,0,0,0,0,0,0,0,0,0,0,0,0,0,0,0
0,0,0,0,0,0,0,0,0.0014771,0.0022173,0.0031269,0.0046692,0.005946,0.0071422,0.0080967,0.008668,0.0087688,0.0083876,0.0075907,0.0065028,0.005276,0.0040555,0.0029541,0.0011149,0.00079061,0.00052666,0,0,0,0,0,0,0,0,0,0,0,0,0,0,0,0,0,0,0,0,0,0,0,0,0,0,0,0,0,0,0,0,0,0,0,0,0.00052666,0.00079061,0.0011149,0.0014771,0.0018382,0.0021491,0.0023603,0.0024352,0.0023603,0.0021491,0.0018382,0.0014771,0.0011149,0.00079061,0.00052666,0,0,0,0,0,0,0,0,0,0,0,0,0,0,0,0,0.00052666,0.0013173,0.0019055,0.002592,0.0033153,0.0039873,0.0045094,0.0047956,0.0047956,0.0045094,0.0039873,0.0033153,0.002592,0.0019055,0.0018439,0.0013173,0.0011149,0.0014771,0.0018382,0.0021491,0.0023603,0.0024352,0.002887,0.0029397,0.0029532,0.0029541,0.0029532,0.0034664,0.0036776,0.0035502,0.0038374,0.004514,0.0047779,0.0049523,0.0050272,0.0049892,0.0056155,0.0053854,0.005586,0.0056926,0.0068141,0.0072648,0.0073806,0.0084243,0.009016,0.0094174,0.011072,0.01197,0.014188,0.01547,0.01666,0.017131,0.017903,0.018039,0.018927,0.017663,0.01843,0.018069,0.017329,0.018549,0.020435,0.020419,0.021986,0.023632,0.025175,0.025944,0.027713,0.027724,0.029008,0.027935,0.029389,0.028763,0.029153,0.028993,0.027252,0.025155,0.023491,0.022802,0.019687,0.017834,0.016041,0.013318,0.012466,0.010456,0.0099769,0.0082383,0.0075011,0.006416,0.0051554,0.0038915,0.0027595,0.0018382,0,0,0,0,0,0,0,0,0,0,0,0,0,0,0,0,0,0,0,0,0,0,0,0,0,0,0,0,0,0,0,0,0,0,0,0,0,0,0,0,0,0,0,0,0,0,0,0,0,0,0,0,0,0,0,0,0,0,0,0,0,0,0,0,0,0,0,0,0,0,0
0,0,0,0,0,0,0,0,0.0018382,0.0027595,0.0038915,0.005946,0.0076029,0.0091748,0.010456,0.011259,0.011465,0.011044,0.010072,0.0086987,0.0071177,0.005519,0.0040555,0.0016737,0.0011868,0.00079061,0,0,0,0,0,0,0,0,0,0,0,0,0,0,0,0,0,0,0,0,0,0,0,0,0,0,0,0,0,0,0,0,0,0,0,0,0.00079061,0.0011868,0.0016737,0.0022173,0.0027595,0.0032262,0.0035433,0.0036557,0.0035433,0.0032262,0.0027595,0.0022173,0.0016737,0.0011868,0.00079061,0,0,0,0,0,0,0,0.00052666,0.00079061,0.0011149,0.0020037,0.0026288,0.003264,0.0038374,0.0042735,0.0045094,0.0053,0.0062509,0.0066979,0.0071551,0.0076057,0.0085161,0.008675,0.0091046,0.0092027,0.0086077,0.0081348,0.0073371,0.0063263,0.0052209,0.0049172,0.0038157,0.0031508,0.0033323,0.0035501,0.0037528,0.0035433,0.0036557,0.0043339,0.004413,0.0044332,0.0044346,0.0044332,0.0052036,0.0055207,0.0053295,0.0057606,0.0067763,0.0071725,0.0074343,0.0075468,0.0074896,0.0083579,0.0079765,0.0082334,0.0083439,0.0097816,0.010317,0.010341,0.011762,0.012526,0.013041,0.014878,0.015942,0.018594,0.020031,0.021319,0.021611,0.022401,0.022415,0.023403,0.021703,0.022656,0.022234,0.021273,0.022876,0.025293,0.025411,0.027362,0.029411,0.031331,0.032287,0.03435,0.034295,0.035669,0.034168,0.035798,0.034842,0.035176,0.034876,0.032673,0.0301,0.028131,0.027284,0.023515,0.021304,0.019142,0.015883,0.01481,0.012391,0.011776,0.0096316,0.0087697,0.0075011,0.0060273,0.0045496,0.0032262,0.0021491,0,0,0,0,0,0,0,0,0,0,0,0,0,0,0,0,0,0,0,0,0,0,0,0,0,0,0,0,0,0,0,0,0,0,0,0,0,0,0,0,0,0,0,0,0,0,0,0,0,0,0,0,0,0,0,0,0,0,0,0,0,0,0,0,0,0,0,0,0,0,0
0,0,0,0,0,0,0,0,0.0021491,0.0032262,0.0045496,0.0071422,0.0091748,0.01113,0.012759,0.013829,0.014181,0.013766,0.012657,0.011024,0.0090993,0.0071177,0.005276,0.0023603,0.0016737,0.0011149,0,0,0,0,0,0,0,0,0,0,0,0,0,0,0,0,0,0,0,0,0,0,0,0,0,0,0,0,0,0,0,0,0,0,0,0,0.0011149,0.0016737,0.0023603,0.0031269,0.0038915,0.0045496,0.0049968,0.0051554,0.0049968,0.0045496,0.0038915,0.0031269,0.0023603,0.0016737,0.0011149,0,0,0,0,0,0,0,0.00079061,0.0011868,0.0016737,0.0030079,0.0039463,0.0048999,0.0057606,0.0064152,0.0067694,0.0078844,0.0092039,0.0097946,0.010387,0.010965,0.01224,0.012407,0.013013,0.01316,0.012306,0.011667,0.010562,0.009143,0.0075773,0.0071298,0.0055482,0.0045776,0.0048006,0.0050784,0.0053403,0.0049968,0.0051554,0.0061117,0.0062234,0.0062518,0.0062538,0.0062518,0.0073383,0.0077855,0.0075157,0.0081237,0.0095561,0.010115,0.010484,0.010643,0.010562,0.011691,0.011106,0.011409,0.0115,0.013217,0.013793,0.013638,0.015461,0.016383,0.017004,0.018881,0.020077,0.023061,0.024561,0.025836,0.025811,0.02652,0.026335,0.027324,0.025155,0.026242,0.025758,0.024549,0.026517,0.029418,0.029709,0.031989,0.034385,0.03663,0.037748,0.040007,0.039867,0.041227,0.039292,0.040999,0.039686,0.039912,0.039449,0.036834,0.033865,0.031674,0.030698,0.02641,0.023929,0.021478,0.017809,0.016542,0.013804,0.013063,0.010578,0.0096316,0.0082383,0.0066197,0.0049968,0.0035433,0.0023603,0,0,0,0,0,0,0,0,0,0,0,0,0,0,0,0,0,0,0,0,0,0,0,0,0,0,0,0,0,0,0,0,0,0,0,0,0,0,0,0,0,0,0,0,0,0,0,0,0,0,0,0,0,0,0,0,0,0,0,0,0,0,0,0,0,0,0,0,0,0,0
0,0,0,0,0,0,0,0,0.0023603,0.0035433,0.0049968,0.0080967,0.010456,0.012759,0.014721,0.016069,0.016606,0.016251,0.015068,0.013239,0.011024,0.0086987,0.0065028,0.0031269,0.0022173,0.0014771,0,0,0,0,0,0,0,0,0,0,0,0,0,0,0,0,0,0,0,0,0,0,0,0,0,0,0,0,0,0,0,0,0,0,0,0,0.0014771,0.0022173,0.0031269,0.0041425,0.0051554,0.0060273,0.0066197,0.0068298,0.0066197,0.0060273,0.0051554,0.0041425,0.0031269,0.0022173,0.0014771,0,0,0,0,0,0,0,0.0011149,0.0016737,0.0023603,0.0042419,0.0055652,0.00691,0.0081237,0.0090469,0.0095465,0.011024,0.012741,0.013468,0.014179,0.014863,0.01654,0.016681,0.017484,0.017691,0.016539,0.015732,0.014295,0.012425,0.010341,0.0097211,0.0075859,0.0062538,0.0065028,0.0068291,0.0071422,0.0066197,0.0068298,0.0080967,0.0082446,0.0082823,0.008285,0.0082823,0.0097217,0.010314,0.0099567,0.010762,0.01266,0.0134,0.013889,0.014099,0.013992,0.01537,0.014535,0.014864,0.014902,0.01681,0.01736,0.01693,0.019131,0.020174,0.020875,0.022625,0.023904,0.027066,0.028522,0.029666,0.029204,0.029729,0.029274,0.030144,0.027522,0.028653,0.028101,0.026629,0.028887,0.032152,0.032629,0.035133,0.037764,0.04023,0.041458,0.043782,0.043549,0.044789,0.042477,0.044148,0.042505,0.042582,0.041959,0.039046,0.035826,0.033535,0.032477,0.027889,0.025273,0.022659,0.018775,0.017369,0.014457,0.013621,0.010914,0.0099373,0.0084999,0.0068298,0.0051554,0.0036557,0.0024352,0,0,0,0,0,0,0,0,0,0,0,0,0,0,0,0,0,0,0,0,0,0,0,0,0,0,0,0,0,0,0,0,0,0,0,0,0,0,0,0,0,0,0,0,0,0,0,0,0,0,0,0,0,0,0,0,0,0,0,0,0,0,0,0,0,0,0,0,0,0,0
0,0,0,0,0,0,0,0,0.0024352,0.0036557,0.0051554,0.008668,0.011259,0.013829,0.016069,0.017677,0.018415,0.018176,0.017,0.015068,0.012657,0.010072,0.0075907,0.0038915,0.0027595,0.0018382,0,0,0,0,0,0,0,0,0,0,0.00052666,0.00079061,0.0011149,0.0014771,0.0018382,0.0021491,0.0023603,0.0024352,0.0023603,0.0026758,0.0026288,0.002592,0.002592,0.0026288,0.0026758,0.0023603,0.0024352,0.0023603,0.0021491,0.0018382,0.0014771,0.0011149,0.00079061,0.00052666,0,0,0.0018382,0.0027595,0.0038915,0.0051554,0.006416,0.0075011,0.008765,0.0092905,0.0093533,0.0089781,0.0082542,0.0073045,0.0062518,0.0051947,0.0041985,0.0021491,0.0023649,0.0022677,0.0022299,0.0022677,0.0023649,0.0021491,0.0038374,0.0046526,0.0054872,0.0077687,0.009211,0.010631,0.011877,0.012776,0.013174,0.014485,0.016583,0.017413,0.018201,0.018944,0.021014,0.021084,0.022082,0.022358,0.020895,0.019944,0.018191,0.015877,0.013271,0.012463,0.0097531,0.008034,0.0082823,0.0086333,0.0089781,0.0082383,0.0084999,0.010077,0.010261,0.010308,0.010311,0.010308,0.012099,0.012836,0.012391,0.013394,0.015755,0.016677,0.017285,0.017547,0.017414,0.01899,0.017881,0.018205,0.018157,0.020122,0.021094,0.020574,0.023402,0.024866,0.025969,0.027744,0.029261,0.032496,0.033732,0.03443,0.033158,0.033053,0.031926,0.032234,0.028966,0.029503,0.028881,0.027152,0.029576,0.033021,0.033665,0.036249,0.038963,0.041507,0.042774,0.04502,0.044703,0.045737,0.04317,0.044696,0.042806,0.042721,0.041966,0.038921,0.035638,0.033386,0.032307,0.027692,0.025097,0.022477,0.018611,0.017147,0.014234,0.013349,0.010578,0.0096316,0.0082383,0.0066197,0.0049968,0.0035433,0.0023603,0,0,0,0,0,0,0,0,0,0,0,0,0,0,0,0,0,0,0,0,0,0,0,0,0,0,0,0,0,0,0,0,0,0,0,0,0,0,0,0,0,0,0,0,0,0,0,0,0,0,0,0,0,0,0,0,0,0,0,0,0,0,0,0,0,0,0,0,0,0,0
0,0,0,0,0,0,0,0,0.0023603,0.0035433,0.0049968,0.0087688,0.011465,0.014181,0.016606,0.018415,0.019348,0.019263,0.018176,0.016251,0.013766,0.011044,0.0083876,0.0045496,0.0032262,0.0021491,0,0,0,0,0,0,0,0,0,0,0.00079061,0.0011868,0.0016737,0.0022173,0.0027595,0.0032262,0.0035433,0.0036557,0.0035433,0.0040168,0.0039463,0.003891,0.0044177,0.004737,0.0051317,0.0050203,0.005494,0.0056924,0.0055865,0.0051947,0.0045776,0.0038228,0.0030251,0.0022677,0.0011149,0.00079061,0.0026758,0.0032262,0.0045496,0.0060273,0.0075011,0.0087697,0.010422,0.011124,0.011305,0.010987,0.010787,0.010044,0.0092078,0.008359,0.0075306,0.0053753,0.0059104,0.0058394,0.0057078,0.0055533,0.0053883,0.0047032,0.0064964,0.0072059,0.0079614,0.01022,0.011935,0.01361,0.015067,0.016103,0.01653,0.017889,0.020291,0.02117,0.02197,0.022704,0.025103,0.025052,0.02622,0.026563,0.024817,0.023772,0.021767,0.019077,0.016014,0.015025,0.011791,0.0097051,0.010445,0.011051,0.011723,0.011109,0.011776,0.014456,0.015147,0.015601,0.015892,0.016038,0.018132,0.018844,0.018037,0.01881,0.021096,0.021335,0.021686,0.021629,0.021149,0.022575,0.020676,0.020961,0.020801,0.022669,0.023728,0.022948,0.026116,0.027748,0.029027,0.030555,0.032151,0.035246,0.036226,0.036522,0.03461,0.034012,0.032399,0.03222,0.028567,0.028663,0.027971,0.026023,0.028457,0.031866,0.032629,0.035133,0.037764,0.04023,0.041458,0.043496,0.04312,0.043897,0.041245,0.042543,0.040535,0.040301,0.039469,0.036482,0.033335,0.031254,0.03022,0.025855,0.023435,0.020964,0.017347,0.015916,0.013175,0.012298,0.0096316,0.0087697,0.0075011,0.0060273,0.0045496,0.0032262,0.0021491,0,0,0,0,0,0,0,0,0,0,0,0,0,0,0,0,0,0,0,0,0,0,0,0,0,0,0,0,0,0,0,0,0,0,0,0,0,0,0,0,0,0,0,0,0,0,0,0,0,0,0,0,0,0,0,0,0,0,0,0,0,0,0,0,0,0,0,0,0,0,0
0,0,0,0,0,0,0,0,0.0021491,0.0032262,0.0045496,0.0083876,0.011044,0.013766,0.016251,0.018176,0.019263,0.019348,0.018415,0.016606,0.014181,0.011465,0.0087688,0.0049968,0.0035433,0.0023603,0,0,0,0,0,0,0,0,0,0,0.0011149,0.0016737,0.0023603,0.0031269,0.0038915,0.0045496,0.0049968,0.0051554,0.0049968,0.0056646,0.0055652,0.0054872,0.0062779,0.0067521,0.0073383,0.0072141,0.0079149,0.008223,0.0080929,0.0075473,0.0066702,0.0055865,0.0044332,0.0033323,0.0016737,0.0011868,0.0031509,0.0035433,0.0049968,0.0066197,0.0082383,0.0096316,0.011693,0.012588,0.012939,0.012759,0.01292,0.012356,0.011667,0.010916,0.010117,0.0077758,0.0085497,0.0084564,0.0082639,0.0080268,0.007766,0.006767,0.0088196,0.0095684,0.010337,0.012726,0.014619,0.016446,0.018019,0.019112,0.019516,0.020762,0.023342,0.024199,0.024936,0.025585,0.028195,0.027986,0.029268,0.029669,0.027711,0.02664,0.02449,0.021554,0.018172,0.017034,0.013405,0.011024,0.01196,0.012651,0.013454,0.012796,0.013674,0.016955,0.017905,0.018565,0.019,0.019221,0.021521,0.022242,0.02124,0.021928,0.024247,0.024173,0.024412,0.024204,0.023547,0.024849,0.022472,0.022689,0.022405,0.024562,0.025985,0.025319,0.029075,0.031204,0.032967,0.034446,0.036174,0.038922,0.039393,0.038941,0.036095,0.03461,0.032202,0.031199,0.026776,0.02629,0.025539,0.023443,0.025733,0.028896,0.029709,0.031989,0.034385,0.03663,0.037748,0.039485,0.039083,0.039599,0.037043,0.038071,0.036091,0.03575,0.034905,0.032154,0.02932,0.027512,0.026581,0.022699,0.020576,0.018386,0.015203,0.013889,0.011465,0.010649,0.0082383,0.0075011,0.006416,0.0051554,0.0038915,0.0027595,0.0018382,0,0,0,0,0,0,0,0,0,0,0,0,0,0,0,0,0,0,0,0,0,0,0,0,0,0,0,0,0,0,0,0,0,0,0,0,0,0,0,0,0,0,0,0,0,0,0,0,0,0,0,0,0,0,0,0,0,0,0,0,0,0,0,0,0,0,0,0,0,0,0
0,0,0,0,0,0,0,0,0.0018382,0.0027595,0.0038915,0.0075907,0.010072,0.012657,0.015068,0.017,0.018176,0.018415,0.017677,0.016069,0.013829,0.011259,0.008668,0.0051554,0.0036557,0.0024352,0,0,0,0,0,0,0,0,0,0,0.0014771,0.0022173,0.0031269,0.0041425,0.0051554,0.0060273,0.0066197,0.0068298,0.0066197,0.0075044,0.0073727,0.0072694,0.0083844,0.0090465,0.0098647,0.0097466,0.010721,0.011169,0.011024,0.010311,0.0091393,0.0076766,0.0061088,0.004604,0.0023603,0.0016737,0.0035502,0.0036557,0.0051554,0.0068298,0.0084999,0.0099373,0.012391,0.013478,0.014041,0.01408,0.01477,0.014531,0.014135,0.013612,0.012946,0.010577,0.011629,0.011515,0.011251,0.010909,0.010524,0.0091542,0.01134,0.012047,0.012731,0.015007,0.016937,0.018771,0.020325,0.02137,0.021687,0.022645,0.025243,0.026009,0.026614,0.027111,0.029778,0.029391,0.030715,0.031155,0.02909,0.028069,0.025908,0.022899,0.019389,0.018158,0.014329,0.011775,0.012942,0.013717,0.014658,0.014041,0.015152,0.019014,0.020264,0.021171,0.021783,0.022096,0.024469,0.025129,0.023932,0.024414,0.026537,0.025984,0.026026,0.025606,0.024743,0.025785,0.022957,0.023087,0.022689,0.024771,0.026457,0.025849,0.030403,0.033083,0.035488,0.037224,0.039388,0.042053,0.042335,0.041391,0.037857,0.035488,0.032209,0.03016,0.025034,0.02357,0.02252,0.01985,0.021867,0.024621,0.025411,0.027362,0.029411,0.031331,0.032287,0.033678,0.033286,0.033574,0.031275,0.03203,0.030215,0.029819,0.029026,0.026649,0.02425,0.022773,0.021985,0.018738,0.016988,0.015163,0.012528,0.011396,0.0093792,0.008668,0.0066197,0.0060273,0.0051554,0.0041425,0.0031269,0.0022173,0.0014771,0,0,0,0,0,0,0,0,0,0,0,0,0,0,0,0,0,0,0,0,0,0,0,0,0,0,0,0,0,0,0,0,0,0,0,0,0,0,0,0,0,0,0,0,0,0,0,0,0,0,0,0,0,0,0,0,0,0,0,0,0,0,0,0,0,0,0,0,0,0,0
0,0,0,0,0,0,0,0,0.0014771,0.0022173,0.0031269,0.0065028,0.0086987,0.011024,0.013239,0.015068,0.016251,0.016606,0.016069,0.014721,0.012759,0.010456,0.0080967,0.0049968,0.0035433,0.0023603,0,0,0,0,0,0,0,0,0,0,0.0018382,0.0027595,0.0038915,0.0051554,0.006416,0.0075011,0.0082383,0.0084999,0.0082383,0.0093393,0.0091755,0.0090469,0.010524,0.011393,0.012466,0.012381,0.013655,0.014266,0.014121,0.013246,0.011775,0.0099188,0.0079149,0.0059807,0.0031269,0.0022173,0.0038374,0.0035433,0.0049968,0.0066197,0.0082383,0.0096316,0.012416,0.013674,0.01447,0.014787,0.016131,0.016338,0.016362,0.016186,0.015754,0.013528,0.014874,0.014745,0.014403,0.013942,0.01341,0.011644,0.013801,0.014373,0.014871,0.016766,0.018572,0.020248,0.021635,0.02252,0.02269,0.023212,0.025664,0.026284,0.026709,0.027014,0.02957,0.029021,0.030303,0.030757,0.02871,0.027807,0.025772,0.022877,0.019454,0.018201,0.014403,0.011827,0.013252,0.014111,0.015194,0.014721,0.016069,0.020443,0.022012,0.023192,0.024002,0.024418,0.026718,0.027244,0.025868,0.026035,0.027735,0.026569,0.026337,0.025657,0.024577,0.02525,0.022043,0.022083,0.021602,0.023629,0.02564,0.025263,0.030259,0.033368,0.036267,0.038189,0.040592,0.04298,0.042981,0.041546,0.037512,0.034417,0.030505,0.027643,0.022106,0.019845,0.018665,0.015798,0.017463,0.019711,0.020419,0.021986,0.023632,0.025175,0.025944,0.026989,0.026638,0.026754,0.02482,0.025334,0.023783,0.023387,0.022697,0.020769,0.018859,0.017725,0.017098,0.014545,0.013188,0.011758,0.0097077,0.0087915,0.0072141,0.0066325,0.0049968,0.0045496,0.0038915,0.0031269,0.0023603,0.0016737,0.0011149,0,0,0,0,0,0,0,0,0,0,0,0,0,0,0,0,0,0,0,0,0,0,0,0,0,0,0,0,0,0,0,0,0,0,0,0,0,0,0,0,0,0,0,0,0,0,0,0,0,0,0,0,0,0,0,0,0,0,0,0,0,0,0,0,0,0,0,0,0,0,0
0,0,0,0,0,0,0,0,0.0011149,0.0016737,0.0023603,0.005276,0.0071177,0.0090993,0.011024,0.012657,0.013766,0.014181,0.013829,0.012759,0.01113,0.0091748,0.0071422,0.0045496,0.0032262,0.0021491,0,0,0,0,0,0,0,0,0,0,0.0021491,0.0032262,0.0045496,0.0060273,0.0075011,0.0087697,0.0096316,0.0099373,0.0096316,0.010919,0.010727,0.010577,0.012415,0.013487,0.01481,0.014787,0.016353,0.017133,0.017008,0.016001,0.014266,0.012051,0.0096422,0.0073045,0.0038915,0.0027595,0.0039873,0.0032262,0.0045496,0.0060273,0.0075011,0.0087697,0.011781,0.013164,0.014181,0.014797,0.01684,0.017556,0.018073,0.018319,0.018197,0.016271,0.018415,0.018544,0.018453,0.018232,0.017904,0.016074,0.018244,0.018675,0.018827,0.019899,0.021121,0.022133,0.022863,0.023169,0.022886,0.022359,0.024528,0.024974,0.025205,0.02531,0.027611,0.026941,0.028109,0.028549,0.02664,0.026429,0.024897,0.022606,0.019831,0.018994,0.015763,0.01353,0.015298,0.016164,0.017171,0.016625,0.01783,0.022235,0.023784,0.024969,0.025448,0.025968,0.028062,0.028401,0.026878,0.026657,0.027759,0.025913,0.025364,0.024406,0.023118,0.023365,0.019892,0.019856,0.019337,0.021366,0.023735,0.023746,0.029148,0.032703,0.036116,0.03837,0.041026,0.043176,0.042965,0.041131,0.036768,0.033035,0.028582,0.02499,0.019114,0.016131,0.014832,0.011817,0.013105,0.014828,0.015413,0.016596,0.017838,0.019003,0.019583,0.020322,0.020031,0.020036,0.018516,0.018837,0.017601,0.017247,0.016689,0.01522,0.013792,0.012973,0.012504,0.010617,0.0096275,0.0085732,0.0070733,0.0063771,0.005217,0.0047707,0.0035433,0.0032262,0.0027595,0.0022173,0.0016737,0.0011868,0.00079061,0,0,0,0,0,0,0,0,0,0,0,0,0,0,0,0,0,0,0,0,0,0,0,0,0,0,0,0,0,0,0,0,0,0,0,0,0,0,0,0,0,0,0,0,0,0,0,0,0,0,0,0,0,0,0,0,0,0,0,0,0,0,0,0,0,0,0,0,0,0,0
0,0,0,0,0,0,0,0,0.00079061,0.0011868,0.0016737,0.0040555,0.005519,0.0071177,0.0086987,0.010072,0.011044,0.011465,0.011259,0.010456,0.0091748,0.0076029,0.005946,0.0038915,0.0027595,0.0018382,0,0,0,0,0,0,0,0,0,0,0.0023603,0.0035433,0.0049968,0.0066197,0.0082383,0.0096316,0.010578,0.010914,0.010578,0.011992,0.011782,0.011617,0.013766,0.015008,0.016542,0.016606,0.018415,0.019348,0.019263,0.018176,0.016251,0.013766,0.011044,0.0083876,0.0045496,0.0032262,0.0039873,0.0027595,0.0038915,0.0051554,0.006416,0.0075011,0.010599,0.012043,0.013235,0.014121,0.016803,0.018013,0.019019,0.019701,0.019918,0.018401,0.021021,0.021287,0.021299,0.02115,0.020859,0.018885,0.02082,0.021022,0.02082,0.021034,0.021725,0.022156,0.022329,0.022169,0.021552,0.020239,0.022036,0.02231,0.022366,0.022299,0.024243,0.023515,0.024514,0.024915,0.023241,0.023477,0.02239,0.020658,0.0185,0.017965,0.015325,0.013462,0.01551,0.016412,0.017426,0.017025,0.018218,0.022669,0.024305,0.025585,0.02597,0.026578,0.02837,0.028495,0.026878,0.026252,0.026674,0.024178,0.023313,0.022096,0.02064,0.020467,0.016872,0.016782,0.016272,0.018369,0.021075,0.02157,0.027316,0.031283,0.035173,0.037847,0.040738,0.04271,0.042368,0.040258,0.035745,0.03152,0.026663,0.022489,0.01637,0.012823,0.011423,0.0083077,0.009242,0.010481,0.010929,0.011768,0.012649,0.013475,0.013887,0.014376,0.014153,0.014102,0.012983,0.013167,0.012247,0.011959,0.011539,0.010488,0.0094843,0.0089287,0.0085992,0.007287,0.0066088,0.0058782,0.0048462,0.0043495,0.0035472,0.0032259,0.0023603,0.0021491,0.0018382,0.0014771,0.0011149,0.00079061,0.00052666,0,0,0,0,0,0,0,0,0,0,0,0,0,0,0,0,0,0,0,0,0,0,0,0,0,0,0,0,0,0,0,0,0,0,0,0,0,0,0,0,0,0,0,0,0,0,0,0,0,0,0,0,0,0,0,0,0,0,0,0,0,0,0,0,0,0,0,0,0,0,0
0,0,0,0,0,0,0,0,0.00052666,0.00079061,0.0011149,0.0029541,0.0040555,0.005276,0.0065028,0.0075907,0.0083876,0.0087688,0.008668,0.0080967,0.0071422,0.005946,0.0051958,0.0039175,0.0033323,0.0029541,0.0018382,0.0021491,0.0023603,0.0024352,0.0023603,0.0021491,0.0018382,0.0014771,0.0011149,0.00079061,0.0029619,0.0036557,0.0051554,0.0068298,0.0084999,0.0099373,0.010914,0.01126,0.010914,0.012373,0.012156,0.011985,0.014346,0.015699,0.017369,0.017534,0.019499,0.020546,0.020516,0.019414,0.017408,0.014787,0.011894,0.0090549,0.0049968,0.0035433,0.0038374,0.0022173,0.0031269,0.0041425,0.0051554,0.0060273,0.0090549,0.010486,0.011775,0.012857,0.016016,0.017623,0.019038,0.020097,0.020629,0.019569,0.022628,0.023073,0.023249,0.023244,0.023065,0.021107,0.022746,0.023245,0.022953,0.022596,0.023044,0.023188,0.023059,0.022606,0.021725,0.019577,0.020759,0.020576,0.020139,0.019588,0.020805,0.019825,0.020101,0.020443,0.019063,0.019799,0.01921,0.01813,0.01671,0.016564,0.01466,0.013279,0.01555,0.016455,0.017412,0.017131,0.018195,0.022449,0.02404,0.025308,0.025483,0.026152,0.027592,0.027512,0.025868,0.024884,0.024652,0.021638,0.020509,0.019096,0.017536,0.017007,0.013449,0.013333,0.012874,0.015076,0.01803,0.019018,0.024998,0.029281,0.033541,0.036302,0.039205,0.040851,0.040232,0.037757,0.03308,0.02842,0.023289,0.01878,0.01268,0.0089787,0.007732,0.0047914,0.0056299,0.0066308,0.0072805,0.0078393,0.0084263,0.0089765,0.0092505,0.0092258,0.0089015,0.0083001,0.0071383,0.0068038,0.0057429,0.0051696,0.0046325,0.0038419,0.003264,0.0031509,0.0029619,0.0023603,0.0021491,0.0018382,0.0014771,0.0011149,0.00079061,0.00052666,0,0,0,0,0,0,0,0,0,0,0,0,0,0,0,0,0,0,0,0,0,0,0,0,0,0,0,0,0,0,0,0,0,0,0,0,0,0,0,0,0,0,0,0,0,0,0,0,0,0,0,0,0,0,0,0,0,0,0,0,0,0,0,0,0,0,0,0,0,0,0,0,0,0,0,0,0,0
0,0,0,0,0,0,0,0,0,0,0,0.0011149,0.0016737,0.0023603,0.0031269,0.0038915,0.0045496,0.0049968,0.0051554,0.0049968,0.0045496,0.0038915,0.0039175,0.0035472,0.0033474,0.0033323,0.0027595,0.0032262,0.0035433,0.0036557,0.0035433,0.0032262,0.0027595,0.0022173,0.0016737,0.0011868,0.0031509,0.0035433,0.0049968,0.0066197,0.0082383,0.0096316,0.010578,0.010914,0.010578,0.011992,0.011782,0.011617,0.014052,0.015437,0.017147,0.017408,0.019414,0.020516,0.020546,0.019499,0.017534,0.014934,0.012043,0.0091901,0.0051554,0.0036557,0.0035502,0.0016737,0.002887,0.0039175,0.0050065,0.0060267,0.0091954,0.010848,0.012354,0.013605,0.016925,0.018563,0.019932,0.021421,0.022099,0.021474,0.024993,0.025479,0.026184,0.026603,0.026689,0.024849,0.02598,0.026246,0.025424,0.024067,0.023774,0.023203,0.022639,0.02208,0.021255,0.018782,0.019838,0.019705,0.019219,0.0185,0.019085,0.01783,0.017335,0.017249,0.015817,0.016736,0.016382,0.015444,0.014796,0.015086,0.014498,0.013913,0.016634,0.017861,0.019048,0.019131,0.020158,0.024047,0.025371,0.026294,0.025836,0.026166,0.02689,0.02632,0.024458,0.022694,0.021929,0.018615,0.017314,0.015798,0.014218,0.01344,0.010075,0.0099561,0.0095745,0.01187,0.014927,0.016325,0.022374,0.026813,0.03127,0.034484,0.037537,0.038846,0.038174,0.035592,0.030963,0.026051,0.020723,0.015584,0.0092703,0.0048999,0.003264,0,0,0,0,0,0,0,0,0,0,0,0,0,0,0,0,0,0,0,0,0,0,0,0,0,0,0,0,0,0,0,0,0,0,0,0,0,0,0,0,0,0,0,0,0,0,0,0,0,0,0,0,0,0,0,0,0,0,0,0,0,0,0,0,0,0,0,0,0,0,0,0,0,0,0,0,0,0,0,0,0,0,0,0,0,0,0,0,0,0,0,0,0,0,0,0,0,0,0,0,0,0,0,0,0
0,0,0,0,0,0,0,0,0,0,0,0.00079061,0.0011868,0.0016737,0.0022173,0.0027595,0.0032262,0.0035433,0.0036557,0.0035433,0.0032262,0.0027595,0.0033323,0.0033474,0.0035472,0.0039175,0.0038915,0.0045496,0.0049968,0.0051554,0.0049968,0.0045496,0.0038915,0.0031269,0.0023603,0.0016737,0.003264,0.0032262,0.0045496,0.0060273,0.0075011,0.0087697,0.0096316,0.0099373,0.0096316,0.010919,0.010727,0.010577,0.012937,0.014271,0.015916,0.016251,0.018176,0.019263,0.019348,0.018415,0.016606,0.014181,0.011465,0.0087688,0.0049968,0.0035433,0.0031509,0.0011868,0.0024643,0.0034042,0.0044332,0.0054435,0.0084519,0.010108,0.011636,0.012909,0.016164,0.017756,0.019062,0.020752,0.021521,0.021262,0.025075,0.025687,0.026795,0.027584,0.02796,0.026434,0.027208,0.027529,0.026482,0.024547,0.023796,0.022775,0.021905,0.021216,0.020363,0.017551,0.018334,0.018102,0.017471,0.016558,0.016559,0.015145,0.013993,0.013658,0.012335,0.01356,0.013524,0.012938,0.013013,0.013734,0.014161,0.014226,0.017112,0.018432,0.019599,0.019805,0.020593,0.023873,0.024837,0.025408,0.024392,0.02452,0.024747,0.023906,0.022031,0.019882,0.018768,0.015411,0.014054,0.012544,0.011033,0.01013,0.0070934,0.006988,0.006694,0.0086865,0.011504,0.012959,0.018639,0.022804,0.027049,0.030359,0.033367,0.034824,0.034481,0.032366,0.028452,0.024041,0.019203,0.014498,0.0088196,0.0047301,0.0031509,0,0,0,0,0,0,0,0,0,0,0,0,0,0,0,0,0,0,0,0,0,0,0,0,0,0,0,0,0,0,0,0,0,0,0,0,0,0,0,0,0,0,0,0,0,0,0,0,0,0,0,0,0,0,0,0,0,0,0,0,0,0,0,0,0,0,0,0,0,0,0,0,0,0,0,0,0,0,0,0,0,0,0,0,0,0,0,0,0,0,0,0,0,0,0,0,0,0,0,0,0,0,0,0,0
0,0,0,0,0,0,0,0,0,0,0,0.00052666,0.00079061,0.0011149,0.0014771,0.0018382,0.0021491,0.0023603,0.0024352,0.0023603,0.0021491,0.0018382,0.0029541,0.0033323,0.0039175,0.0046692,0.0051554,0.0060273,0.0066197,0.0068298,0.0071464,0.0068179,0.0062704,0.0056196,0.0049651,0.0043664,0.0056756,0.0051947,0.0062518,0.0073045,0.0082542,0.0089781,0.0093533,0.0092905,0.008765,0.0093393,0.0091755,0.0090469,0.011196,0.012402,0.013889,0.014266,0.016001,0.017008,0.017133,0.01688,0.016104,0.014567,0.012853,0.011181,0.008537,0.0077356,0.0074713,0.0055862,0.0067393,0.0071381,0.0075138,0.007868,0.0099956,0.011062,0.011775,0.01246,0.0154,0.016754,0.017794,0.01956,0.0203,0.020305,0.024277,0.02497,0.026514,0.027709,0.028412,0.027295,0.02776,0.028219,0.027037,0.024766,0.02368,0.022353,0.021344,0.020694,0.019947,0.017043,0.017651,0.017371,0.016631,0.015544,0.015,0.013397,0.011548,0.01093,0.0096292,0.011036,0.0112,0.010797,0.011476,0.012571,0.013961,0.014638,0.017598,0.01901,0.020151,0.020438,0.02096,0.023511,0.02402,0.024139,0.022505,0.022351,0.022097,0.02101,0.019152,0.016695,0.015433,0.012279,0.01098,0.0095769,0.0082153,0.006974,0.0041985,0.0039123,0.0034753,0.0053,0.0077464,0.0092334,0.014588,0.018631,0.022845,0.026386,0.02949,0.031165,0.031144,0.029435,0.02631,0.022239,0.017773,0.013427,0.0081086,0.0044464,0.0029619,0,0,0,0,0,0,0,0,0,0,0,0,0,0,0,0,0,0,0,0,0,0,0,0,0,0,0,0,0,0,0,0,0,0,0,0,0,0,0,0,0,0,0,0,0,0,0,0,0,0,0,0,0,0,0,0,0,0,0,0,0,0,0,0,0,0,0,0,0,0,0,0,0,0,0,0,0,0,0,0,0,0,0,0,0,0,0,0,0,0,0,0,0,0,0,0,0,0,0,0,0,0,0,0,0
0,0,0,0,0,0,0,0,0,0,0,0,0,0,0,0,0,0,0,0,0,0,0.0018382,0.0027595,0.0038915,0.0051554,0.006416,0.0075011,0.008765,0.0092905,0.010144,0.010165,0.009928,0.0095218,0.0090113,0.0084209,0.0092189,0.0080222,0.0085084,0.0088457,0.0090299,0.0090352,0.0088201,0.0080167,0.0074103,0.0075044,0.0078994,0.00806,0.010223,0.011609,0.013761,0.014715,0.017248,0.018824,0.019579,0.020221,0.020395,0.01955,0.01836,0.017511,0.015393,0.01427,0.013467,0.011832,0.012828,0.012469,0.012543,0.012232,0.013791,0.014421,0.01445,0.014448,0.016553,0.017179,0.017144,0.01872,0.019171,0.019399,0.022851,0.023558,0.025516,0.0271,0.028117,0.027434,0.027643,0.028288,0.027053,0.024681,0.023395,0.021919,0.020939,0.02049,0.019974,0.01689,0.01693,0.016281,0.015039,0.01335,0.01191,0.0097711,0.007061,0.0061462,0.0049651,0.0067267,0.0073806,0.0074321,0.00898,0.010387,0.012947,0.014273,0.016994,0.018271,0.019205,0.019421,0.019655,0.021166,0.021161,0.020779,0.018549,0.01806,0.017044,0.015611,0.013868,0.010998,0.0093393,0.006416,0.0051554,0.0038915,0.0027595,0.0018382,0,0,0,0.0021491,0.0047032,0.006767,0.011515,0.015187,0.018922,0.022279,0.024795,0.026093,0.025968,0.024442,0.021761,0.018324,0.014591,0.010986,0.0064739,0.0035433,0.0023603,0,0,0,0,0,0,0,0,0,0,0,0,0,0,0,0,0,0,0,0,0,0,0,0,0,0,0,0,0,0,0,0,0,0,0,0,0,0,0,0,0,0,0,0,0,0,0,0,0,0,0,0,0,0,0,0,0,0,0,0,0,0,0,0,0,0,0,0,0,0,0,0,0,0,0,0,0,0,0,0,0,0,0,0,0,0,0,0,0,0,0,0,0,0,0,0,0,0,0,0,0,0,0,0,0
0,0,0,0,0,0,0,0,0,0,0,0,0,0,0,0,0,0,0,0,0,0,0.0021491,0.0037528,0.0053403,0.0071422,0.0089781,0.010608,0.012571,0.014011,0.015646,0.016136,0.016247,0.016057,0.015611,0.014907,0.01503,0.012942,0.012266,0.011732,0.010934,0.0099784,0.0089384,0.0073558,0.0061117,0.0056646,0.0063558,0.0066741,0.008638,0.0099999,0.012342,0.013552,0.016318,0.018084,0.019146,0.020506,0.021598,0.021521,0.021077,0.021135,0.019848,0.018881,0.01828,0.017107,0.018262,0.017604,0.017574,0.016945,0.018017,0.018266,0.017587,0.016844,0.01802,0.017818,0.016757,0.018492,0.018781,0.019134,0.022532,0.02354,0.026146,0.028256,0.029597,0.029228,0.028688,0.029037,0.027247,0.024043,0.021969,0.019823,0.018124,0.017721,0.017379,0.014787,0.015186,0.015002,0.014266,0.013049,0.011465,0.0096502,0.006416,0.0051554,0.0038915,0.0051947,0.005494,0.0051554,0.0068298,0.0090265,0.012566,0.014788,0.018106,0.020125,0.021629,0.022504,0.022659,0.02352,0.02288,0.021731,0.018655,0.017453,0.015865,0.014048,0.011795,0.008837,0.008031,0.005946,0.0052574,0.004604,0.0040555,0.0036262,0.0023603,0.0024352,0.0023603,0.0039873,0.0057127,0.0070423,0.011306,0.01435,0.017584,0.020292,0.022836,0.024313,0.02449,0.023338,0.021039,0.017937,0.014459,0.011016,0.0067795,0.0040168,0.0026758,0,0,0,0,0,0,0,0,0,0,0,0,0,0,0,0,0,0,0,0,0,0,0,0,0,0,0,0,0,0,0,0,0,0,0,0,0,0,0,0,0,0,0,0,0,0,0,0,0,0,0,0,0,0,0,0,0,0,0,0,0,0,0,0,0,0,0,0,0,0,0,0,0,0,0,0,0,0,0,0,0,0,0,0,0,0,0,0,0,0,0,0,0,0,0,0,0,0,0,0,0,0,0,0,0
0,0,0,0,0,0,0,0,0,0,0,0,0,0,0,0,0,0.00052666,0.00079061,0.0011149,0.0014771,0.0018382,0.0045094,0.0066942,0.0086189,0.010654,0.012605,0.014229,0.016396,0.018037,0.020049,0.020719,0.021227,0.021621,0.021707,0.02142,0.021448,0.019049,0.017771,0.016566,0.014853,0.012865,0.01081,0.0081407,0.0061353,0.0048074,0.0055879,0.0055648,0.0073663,0.008747,0.011384,0.012894,0.016019,0.018049,0.019472,0.021618,0.023688,0.0244,0.024702,0.025709,0.02522,0.024358,0.023943,0.023257,0.024495,0.02344,0.023245,0.022185,0.022735,0.022539,0.021065,0.019512,0.019729,0.018676,0.016532,0.01811,0.018071,0.01834,0.021301,0.022363,0.025337,0.027748,0.029273,0.02916,0.028478,0.028864,0.027024,0.024605,0.022821,0.02113,0.019928,0.020899,0.021554,0.020081,0.021045,0.021207,0.020549,0.019133,0.017087,0.014605,0.010441,0.0083922,0.0060267,0.0067014,0.006483,0.0055235,0.0066197,0.009029,0.012968,0.015478,0.018796,0.021039,0.022719,0.023678,0.023799,0.024142,0.023072,0.021405,0.017842,0.016142,0.014178,0.012141,0.0096648,0.0066705,0.0064552,0.0050784,0.0048006,0.0045776,0.0044332,0.0043411,0.0035433,0.0036557,0.0035433,0.0047032,0.0057674,0.0065311,0.010119,0.012506,0.015143,0.017219,0.019549,0.021003,0.021352,0.020537,0.018684,0.016072,0.013067,0.010037,0.0063558,0.0039463,0.0026288,0,0,0,0,0,0,0,0,0,0,0,0,0,0,0,0,0,0,0,0,0,0,0,0,0,0,0,0,0,0,0,0,0,0,0,0,0,0,0,0,0,0,0,0,0,0,0,0,0,0,0,0,0,0,0,0,0,0,0,0,0,0,0,0,0,0,0,0,0,0,0,0,0,0,0,0,0,0,0,0,0,0,0,0,0,0,0,0,0,0,0,0,0,0,0,0,0,0,0,0,0,0,0,0,0
0,0,0,0,0,0,0,0,0,0,0,0,0,0,0,0,0,0.00079061,0.0011868,0.0016737,0.0022173,0.0027595,0.0056614,0.0083139,0.010485,0.012733,0.014853,0.016588,0.019158,0.021263,0.023895,0.024987,0.026014,0.026982,0.027541,0.027561,0.027409,0.024656,0.022602,0.020668,0.018051,0.015108,0.012162,0.008527,0.0058723,0.0038626,0.0048965,0.0048093,0.0065095,0.0079582,0.010982,0.012822,0.016418,0.018776,0.020594,0.023529,0.026549,0.027992,0.028963,0.030867,0.03106,0.030223,0.029954,0.02973,0.030948,0.029424,0.029018,0.027442,0.027471,0.026795,0.024504,0.022138,0.021452,0.0196,0.016415,0.017874,0.017551,0.017753,0.020164,0.021279,0.024504,0.027096,0.028695,0.028711,0.027847,0.028125,0.026185,0.024222,0.022573,0.021153,0.02018,0.022024,0.023346,0.022751,0.024049,0.024434,0.02386,0.022372,0.020107,0.017284,0.013178,0.01096,0.0083291,0.0088431,0.0086116,0.0074894,0.0083876,0.011051,0.015164,0.017684,0.02069,0.022807,0.024346,0.025137,0.025047,0.024477,0.023084,0.021002,0.017126,0.014966,0.012656,0.010419,0.0076898,0.0047301,0.0051317,0.0044332,0.0045776,0.0048006,0.0050784,0.0058669,0.0057874,0.0062704,0.0064739,0.0075028,0.008241,0.0086382,0.011629,0.013294,0.015139,0.016254,0.01804,0.019124,0.019317,0.018553,0.016582,0.014414,0.011836,0.009175,0.0060139,0.003891,0.002592,0,0,0,0,0,0,0,0,0,0,0,0,0,0,0,0,0,0,0,0,0,0,0,0,0,0,0,0,0,0,0,0,0,0,0,0,0,0,0,0,0,0,0,0,0,0,0,0,0,0,0,0,0,0,0,0,0,0,0,0,0,0,0,0,0,0,0,0,0,0,0,0,0,0,0,0,0,0,0,0,0,0,0,0,0,0,0,0,0,0,0,0,0,0,0,0,0,0,0,0,0,0,0,0,0
